4634
4635
4636
4637
4639
4640
4642
4644
4646
4647
4649
4651
4652
4653
4654
4655
4657
4659
4661
4663
4664
4665
4667
4669
4671
4673
4674
4675
4677
4679
4682
4684
4685
4686
4687
4689
4690
4692
4696
4698
4699
4704
4707
4709
4711
4713
4714
4716
4719
4720
4722
4723
4724
4725
4727
4728
4729
4731
4732
4733
4735
4736
4737
4743
4744
4746
4749
4750
4751
4752
4757
4758
4761
4762
4763
4764
4766
4769
4770
4771
4773
4779
4780
4781
4782
4784
4788
4790
4791
4793
4794
4796
4800
4803
4809
4815
4818
4819
4822
4823
4825
4827
4828
4829
4830
4831
4832
4833
4834
4837
4838
4839
4840
4841
4842
4845
4846
4848
4849
4852
4860
4868
4869
4871
4876
4877
4878
4885
4886
4890
4897
4898
4900
4903
4905
4921
4923
4931
4944
4950
4952
4954
4961
4962
4971
4981
4982
4995
4996
5002
5004
5015
5040
5053
5054
5065
5078
5084
5103
5105
5126
5127
5131
5132
5133
5134
5137
5138
5139
5146
5160
5172
5183
5184
5220
5226
5243
5244
5245
5266
5267
5278
5299
5307
5309
5314
5320
5325
5340
5344
5358
5361
5362
5370
5385
5387
5390
5409
5417
5462
5466
5467
5468
5469
5470
5471
5476
5477
5479
5480
5481
5482
5494
5515
5522
5584
5606
5646
5658
5662
5679
5736
5744
5775
5855
5866
6002
6091
6142
6176
6184
6218
6221
6259
6315
6317
6318
6319
6324
6326
6327
6332
6333
6343
6351
6385
6492
6558
6572
6649
6684
6714
6715
6716
6717
6718
6734
6746
6748
6749
6750
6751
6752
6753
6754
6756
6757
6759
6763
6771
6798
